num     path                 test_reslut        consistency_loss_1     consistency_loss_2       parameter
 0  2020-12-11_20 54 55                                5.0                     5.0             64,16,0.1,0.5，5
 1  2020-12-11_23 54 14
 2  2020-12-12_02 46 24
 3  2020-12-12_04 48 35
 4  2020-12-12_06 38 39
 5  2020-12-12_08 26 38
 6  2020-12-12_11 04 53
 7  2020-12-12_13 37 28
 8  2020-12-12_15 53 48
 9  2020-12-12_18 22 34
----------------------------------------

acc: [54.6875, 59.375, 21.875, 71.875, 53.125, 81.25, 31.25, 65.625, 56.25, 92.1875]
ema_acc: [31.25, 43.75, 31.25, 40.625, 48.4375, 51.5625, 32.8125, 40.625, 28.125, 40.625]
total: 10 runs
均值:58.75 | 38.91
方差:401.46 | 55.40
标准差:20.04 | 7.44